 Summary of results of BigClust:

 Data: Skin_NonSkin.txt                                                                
 No. data points:               245057
 No. used data points:           10000
 No. features:                       3
 Size of the batch:               1000
 Max no. batches:                   50
 No. iterations after which a new batch is selected:           10
 Type of the batch:                  0
 Type of data:                       0
 Parameters:                       500         100          50
 Seed for random numbers:        12345
 Optimization with SLMB.

 nclust | f                      | D-B       | Dunn      | Norms       | CPU-time | Init. time | Valid. time | Aux.Clust. time | Clust. time |
   1                       3121242062.7622      0.0000      0.0000        265057.      0.01     -1.86      0.01      0.00      0.00
   2                       1325306962.7169      0.7639      0.8444      11125591.      0.11      0.05      0.01      0.04      0.00
   3                        895398192.3836      0.9625      0.5180      17382476.      0.19      0.03      0.01      0.01      0.03
   4                        641354819.4255      0.9117      0.4914      21135612.      0.24      0.02      0.01      0.00      0.01
   5                        504876580.8490      0.8894      0.3703      26914920.      0.32      0.03      0.01      0.02      0.02
   6                        425648970.1726      0.8716      0.3230      32319179.      0.39      0.02      0.01      0.00      0.03
   7                        364163887.2901      0.8770      0.3115      35875574.      0.43      0.02      0.01      0.00      0.01
   8                        323871650.0629      0.8130      0.2475      42029007.      0.51      0.01      0.01      0.00      0.04
   9                        284377156.1273      0.9052      0.2364      55851980.      0.67      0.01      0.01      0.00      0.13
  10                        265752401.9624      0.8945      0.2393      75972671.      0.91      0.01      0.01      0.00      0.21
  11                        236491712.9244      0.9217      0.2343      82744823.      0.99      0.01      0.01      0.00      0.05
  12                        223123272.4952      0.8660      0.2555      88407163.      1.07      0.01      0.01      0.00      0.05
  13                        203249363.7287      0.8734      0.2893      93990158.      1.14      0.01      0.01      0.00      0.05
  14                        182811674.9308      0.9193      0.2495     103293562.      1.26      0.01      0.01      0.00      0.09
  15                        175295951.4398      0.8629      0.3303     108470246.      1.33      0.01      0.01      0.00      0.04
  16                        160835789.8233      0.8621      0.3211     128782285.      1.59      0.02      0.01      0.00      0.23
  17                        154825436.1787      0.8689      0.1689     133472630.      1.65      0.02      0.01      0.00      0.03
  18                        144916183.0390      0.8547      0.1971     151171265.      1.88      0.01      0.01      0.00      0.20
  19                        135783246.0131      0.9149      0.2010     160514726.      2.00      0.01      0.01      0.00      0.09
  20                        131213750.2798      0.9542      0.1810     183724280.      2.31      0.01      0.01      0.00      0.28
  21                        126999650.4637      0.8873      0.1731     189647077.      2.39      0.01      0.01      0.00      0.05
  22                        120772759.6943      0.8828      0.1580     194349908.      2.46      0.01      0.01      0.00      0.03
  23                        115085794.4345      0.9034      0.1768     216773507.      2.76      0.01      0.01      0.00      0.27
  24                        112492608.0467      0.8874      0.1768     220949556.      2.82      0.01      0.01      0.00      0.02
  25                        106390493.3149      0.9253      0.1890     228645955.      2.92      0.02      0.01      0.00      0.07

 Data read in   0.170662001     seconds.


